Analysis of graph_report.txt:


0 4 0 0 0 0 0 8 0
4 0 8 0 0 0 0 11 0
0 8 0 7 0 4 0 0 2
0 0 7 0 9 14 0 0 0
0 0 0 9 0 10 0 0 0
0 0 4 14 10 0 2 0 0
0 0 0 0 0 2 0 1 6
8 11 0 0 0 0 1 0 7
0 0 2 0 0 0 6 7 0


Number of vertices = 9
Number of edges = 14
Symmetric = True


DFS traversal: 
0 1 2 3 4 5 6 7 8 
Time(ms):  0.017700018361210823

BFS traversal: 
0 1 7 2 6 8 3 5 4 
Time(ms):  0.07670000195503235

Prims MST: 
edge 	weight
0   1 	 4
1   2 	 8
2   3 	 7
3   4 	 9
2   5 	 4
5   6 	 2
6   7 	 1
2   8 	 2
cost: 37
Time(ms):  0.18450000789016485

kruskal MST: 
edges 	weight
6  7    1
2  8    2
5  6    2
cost:  5
Time:  0.1202999847009778

Dijkstra's APSP: 
0 4 12 19 21 11 9 8 14 
4 0 8 15 22 12 12 11 10 
12 8 0 7 14 4 6 7 2 
19 15 7 0 9 11 13 14 9 
21 22 14 9 0 10 12 13 16 
11 12 4 11 10 0 2 3 6 
9 12 6 13 12 2 0 1 6 
8 11 7 14 13 3 1 0 7 
14 10 2 9 16 6 6 7 0 

Dijkstra's Pred APSP: 
-1 0 1 2 5 6 7 0 2 
1 -1 1 2 5 2 7 1 2 
1 2 -1 2 5 2 5 6 2 
1 2 3 -1 3 2 5 6 2 
7 2 5 4 -1 4 5 6 2 
7 2 5 2 5 -1 5 6 2 
7 7 5 2 5 6 -1 6 6 
7 7 5 2 5 6 7 -1 7 
1 2 8 2 5 2 8 8 -1 
Time:  0.5543000297620893

Floyd's APSP: 
0 4 12 19 21 11 9 8 14 
4 0 8 15 22 12 12 11 10 
12 8 0 7 14 4 6 7 2 
19 15 7 0 9 11 13 14 9 
21 22 14 9 0 10 12 13 16 
11 12 4 11 10 0 2 3 6 
9 12 6 13 12 2 0 1 6 
8 11 7 14 13 3 1 0 7 
14 10 2 9 16 6 6 7 0 

Floyd's Pred: 
-1 0 1 2 5 6 7 0 2 
1 -1 1 2 5 2 7 1 2 
1 2 -1 2 5 2 5 6 2 
1 2 3 -1 3 2 5 6 2 
7 2 5 4 -1 4 5 6 2 
7 2 5 2 5 -1 5 6 2 
7 7 5 2 5 6 -1 6 6 
7 7 5 2 5 6 7 -1 7 
1 2 8 2 5 2 8 8 -1 
Time:  0.45440002577379346
