Analysis of graph2_report.txt:


0 0 0 0 0 0 0 8
0 0 8 0 0 0 0 11
0 8 0 7 0 4 0 0
0 0 7 0 9 14 0 0
0 0 0 9 0 10 0 0
0 0 4 14 10 0 2 0
0 0 0 0 0 2 0 1
8 11 0 0 0 0 1 0


Number of vertices = 8
Number of edges = 10
Symmetric = True


DFS traversal: 
0 7 1 2 3 4 5 6 
Time(ms):  0.029199989512562752

BFS traversal: 
0 7 1 6 2 5 3 4 
Time(ms):  0.10530004510655999

Prims MST: 
edge 	weight
2   1 	 8
5   2 	 4
2   3 	 7
3   4 	 9
6   5 	 2
7   6 	 1
0   7 	 8
cost: 39
Time(ms):  0.17329998081550002

kruskal MST: 
edges 	weight
6  7    1
5  6    2
2  5    4
cost:  7
Time:  0.11790002463385463

Dijkstra's APSP: 
0 19 15 22 21 11 9 8 
19 0 8 15 22 12 12 11 
15 8 0 7 14 4 6 7 
22 15 7 0 9 11 13 14 
21 22 14 9 0 10 12 13 
11 12 4 11 10 0 2 3 
9 12 6 13 12 2 0 1 
8 11 7 14 13 3 1 0 

Dijkstra's Pred APSP: 
-1 7 5 2 5 6 7 0 
7 -1 1 2 5 2 7 1 
7 2 -1 2 5 2 5 6 
7 2 3 -1 3 2 5 6 
7 2 5 4 -1 4 5 6 
7 2 5 2 5 -1 5 6 
7 7 5 2 5 6 -1 6 
7 7 5 2 5 6 7 -1 
Time:  0.5047000013291836

Floyd's APSP: 
0 19 15 22 21 11 9 8 
19 0 8 15 22 12 12 11 
15 8 0 7 14 4 6 7 
22 15 7 0 9 11 13 14 
21 22 14 9 0 10 12 13 
11 12 4 11 10 0 2 3 
9 12 6 13 12 2 0 1 
8 11 7 14 13 3 1 0 

Floyd's Pred: 
-1 7 5 2 5 6 7 0 
7 -1 1 2 5 2 7 1 
7 2 -1 2 5 2 5 6 
7 2 3 -1 3 2 5 6 
7 2 5 4 -1 4 5 6 
7 2 5 2 5 -1 5 6 
7 7 5 2 5 6 -1 6 
7 7 5 2 5 6 7 -1 
Time:  0.2958999830298126
